OFF (0)- 

4386, 4378, 550, 1586, 550, 546, 550, 1586, 550, 1614, 550, 522, 550, 542, 550, 1590, 550, 546, 546, 522, 550, 1614, 546, 522, 550, 546, 550, 1586, 550, 1614, 550, 518, 550, 1614, 550, 522, 546, 1618, 546, 1590, 550, 1614, 550, 1614, 550, 518, 550, 1614, 550, 1590, 546, 1618, 546, 522, 546, 550, 546, 522, 550, 546, 546, 1590, 550, 546, 538, 530, 550, 1614, 550, 1586, 550, 1614, 526, 546, 546, 550, 546, 522, 546, 546, 550, 522, 522, 570, 526, 546, 546, 522, 550, 1614, 522, 1642, 522, 1614, 526, 1638, 522, 1618, 522, 5210, 4382, 4382, 522, 1614, 522, 574, 522, 1614, 522, 1642, 522, 546, 526, 570, 522, 1618, 522, 570, 526, 546, 522, 1642, 522, 546, 522, 574, 522, 1614, 522, 1642, 522, 546, 522, 1642, 522, 550, 546, 1614, 526, 1638, 526, 1614, 522, 1642, 522, 546, 522, 1642, 522, 1614, 526, 1642, 522, 570, 522, 550, 522, 546, 522, 574, 522, 1614, 522, 574, 522, 546, 522, 1642, 522, 1642, 522, 1614, 522, 574, 522, 550, 518, 550, 522, 570, 522, 550, 522, 570, 522, 550, 522, 570, 522, 1618, 522, 1642, 522, 1614, 522, 1642, 522, 1642, 522, 1000


ON at 23 (1)- 

4382, 4374, 554, 1586, 550, 546, 550, 1586, 550, 1614, 550, 522, 550, 542, 550, 1590, 550, 546, 546, 522, 550, 1614, 550, 518, 550, 546, 550, 1586, 550, 1614, 550, 518, 550, 1614, 550, 522, 546, 546, 550, 522, 546, 1618, 546, 1590, 546, 1618, 550, 1614, 550, 1586, 550, 1614, 550, 1590, 546, 1618, 546, 522, 550, 546, 546, 522, 550, 546, 550, 518, 550, 546, 546, 1590, 550, 546, 550, 1586, 550, 1614, 526, 546, 546, 546, 526, 546, 546, 1618, 546, 522, 522, 1642, 522, 546, 522, 574, 522, 1614, 526, 1638, 522, 1618, 522, 5214, 4378, 4378, 526, 1614, 522, 574, 522, 1614, 522, 1642, 526, 546, 522, 570, 526, 1614, 522, 570, 526, 546, 522, 1642, 522, 546, 522, 574, 522, 1614, 522, 1642, 522, 546, 522, 1642, 522, 550, 546, 546, 522, 550, 522, 1638, 522, 1642, 522, 1618, 522, 1642, 522, 1614, 522, 1642, 522, 1642, 522, 1618, 522, 570, 526, 546, 522, 546, 522, 574, 522, 546, 522, 574, 522, 1614, 522, 574, 522, 1614, 522, 1642, 522, 550, 518, 574, 522, 550, 522, 1638, 522, 550, 522, 1642, 522, 546, 522, 574, 522, 1614, 522, 1642, 522, 1642, 522, 1000


17 - 

4438, 4326, 578, 1558, 574, 522, 578, 1558, 554, 1610, 554, 518, 574, 518, 602, 1538, 574, 522, 598, 470, 550, 1614, 550, 518, 574, 522, 574, 1562, 574, 1590, 546, 522, 574, 1594, 566, 502, 570, 522, 550, 522, 546, 1618, 542, 1622, 570, 1566, 574, 1590, 574, 1566, 542, 1622, 574, 1562, 574, 1590, 574, 522, 574, 494, 574, 494, 578, 518, 574, 494, 550, 546, 550, 518, 578, 518, 574, 494, 550, 1614, 578, 494, 546, 546, 578, 494, 546, 1614, 578, 1562, 574, 1590, 574, 1562, 578, 518, 578, 1562, 546, 1618, 570, 1590, 578, 5162, 4378, 4354, 574, 1562, 578, 518, 550, 1614, 574, 1566, 550, 542, 578, 494, 574, 1590, 570, 498, 574, 494, 574, 1590, 574, 522, 550, 518, 550, 1614, 550, 1586, 574, 522, 578, 1562, 574, 522, 546, 522, 574, 518, 574, 1566, 546, 1618, 546, 1590, 574, 1590, 550, 1590, 574, 1590, 574, 1590, 570, 1566, 570, 526, 546, 522, 546, 550, 546, 526, 542, 522, 598, 498, 546, 526, 570, 522, 574, 498, 542, 1618, 546, 526, 542, 554, 542, 526, 542, 1622, 542, 1594, 546, 1618, 518, 1646, 546, 522, 546, 1618, 546, 1594, 566, 1598, 542, 1000


18 - 

4410, 4350, 602, 1534, 602, 494, 602, 1534, 606, 1562, 602, 466, 574, 518, 578, 1562, 578, 518, 574, 494, 578, 1586, 602, 466, 578, 518, 578, 1558, 578, 1586, 578, 494, 574, 1590, 574, 494, 574, 522, 578, 490, 578, 1586, 602, 1562, 578, 1558, 578, 1586, 578, 1562, 574, 1590, 578, 1558, 578, 1586, 578, 518, 578, 490, 602, 470, 574, 518, 578, 494, 574, 518, 574, 494, 578, 518, 578, 1562, 574, 1590, 574, 494, 574, 522, 574, 494, 578, 1586, 578, 1558, 578, 1586, 578, 494, 574, 518, 554, 1586, 550, 1614, 578, 1586, 574, 5162, 4410, 4322, 578, 1562, 550, 542, 578, 1590, 574, 1562, 578, 518, 550, 518, 578, 1586, 550, 518, 578, 494, 574, 1586, 554, 542, 550, 518, 578, 1586, 578, 1562, 574, 522, 574, 1562, 578, 518, 574, 494, 550, 546, 574, 1562, 574, 1590, 550, 1590, 550, 1614, 574, 1562, 578, 1586, 550, 1614, 578, 1562, 574, 522, 574, 494, 550, 542, 554, 518, 574, 494, 602, 494, 550, 518, 574, 522, 550, 1586, 578, 1586, 578, 494, 550, 542, 550, 518, 578, 1586, 554, 1610, 550, 1590, 550, 546, 550, 518, 574, 1590, 550, 1586, 550, 1614, 550, 1000


19 - 

4410, 4350, 554, 1586, 550, 546, 566, 1570, 550, 1614, 550, 518, 554, 542, 578, 1562, 550, 546, 546, 522, 550, 1614, 550, 518, 550, 546, 550, 1586, 550, 1614, 550, 518, 550, 1614, 550, 522, 550, 542, 550, 522, 550, 1614, 546, 1618, 546, 1590, 550, 1614, 550, 1586, 550, 1614, 578, 1562, 550, 1614, 550, 546, 550, 518, 566, 502, 550, 546, 550, 518, 550, 546, 550, 518, 550, 1614, 550, 1590, 550, 1614, 550, 518, 550, 546, 550, 518, 550, 1614, 574, 1562, 578, 518, 550, 522, 546, 546, 550, 1590, 546, 1618, 546, 1614, 550, 5190, 4354, 4378, 550, 1590, 546, 546, 550, 1614, 574, 1566, 550, 546, 546, 522, 550, 1614, 550, 518, 550, 518, 578, 1586, 550, 546, 578, 490, 550, 1614, 550, 1590, 550, 546, 546, 1590, 550, 546, 550, 518, 550, 546, 550, 1586, 550, 1614, 550, 1590, 546, 1618, 550, 1586, 574, 1590, 550, 1614, 550, 1590, 546, 546, 550, 522, 546, 546, 550, 522, 546, 522, 574, 522, 546, 522, 550, 1614, 546, 1618, 546, 1590, 550, 546, 550, 518, 550, 522, 574, 1590, 546, 1614, 550, 522, 546, 550, 546, 522, 546, 1618, 546, 1590, 550, 1614, 550, 1000


20 - 

4358, 4402, 494, 1646, 518, 574, 522, 1618, 494, 1670, 494, 574, 498, 598, 494, 1642, 494, 602, 494, 574, 494, 1670, 494, 578, 494, 598, 494, 1646, 494, 1670, 494, 574, 494, 1670, 494, 574, 494, 602, 494, 574, 494, 1670, 494, 1670, 494, 1646, 494, 1670, 494, 1642, 494, 1670, 494, 1646, 494, 1670, 494, 598, 498, 574, 494, 574, 494, 602, 494, 574, 494, 602, 494, 574, 494, 1670, 494, 574, 494, 1670, 494, 574, 494, 602, 494, 574, 498, 1666, 494, 1646, 494, 602, 494, 1642, 494, 602, 494, 1642, 494, 1670, 494, 1670, 494, 5242, 4302, 4434, 494, 1642, 494, 602, 494, 1670, 494, 1642, 498, 598, 494, 578, 494, 1666, 498, 574, 494, 574, 522, 1642, 494, 602, 494, 574, 494, 1670, 494, 1642, 498, 598, 494, 1646, 494, 598, 498, 574, 494, 602, 494, 1642, 494, 1670, 494, 1642, 498, 1666, 498, 1642, 518, 1646, 494, 1670, 494, 1642, 494, 602, 494, 574, 494, 602, 494, 578, 490, 578, 518, 574, 494, 578, 494, 1670, 494, 574, 494, 1670, 494, 574, 494, 602, 494, 574, 494, 1670, 494, 1670, 494, 574, 494, 1670, 494, 578, 494, 1666, 498, 1642, 494, 1670, 494, 1000


21 - 

4402, 4358, 570, 1566, 546, 550, 570, 1566, 570, 1594, 570, 502, 570, 526, 570, 1566, 570, 526, 570, 498, 570, 1594, 570, 498, 570, 526, 570, 1570, 570, 1590, 574, 498, 570, 1594, 570, 498, 570, 526, 570, 498, 570, 1594, 570, 1594, 570, 1566, 574, 1590, 574, 1566, 570, 1594, 570, 1566, 574, 1590, 574, 522, 570, 498, 574, 498, 570, 522, 574, 498, 570, 522, 574, 1566, 570, 1594, 570, 498, 570, 1594, 574, 494, 574, 522, 570, 498, 574, 1590, 574, 498, 570, 522, 574, 1566, 570, 526, 570, 1566, 574, 1590, 570, 1594, 570, 5166, 4378, 4354, 574, 1566, 574, 522, 570, 1594, 570, 1566, 574, 522, 570, 498, 574, 1590, 574, 498, 570, 498, 598, 1566, 570, 522, 574, 498, 570, 1594, 570, 1566, 574, 522, 570, 1566, 574, 522, 574, 494, 574, 522, 574, 1562, 574, 1594, 570, 1566, 574, 1590, 574, 1566, 598, 1562, 574, 1590, 574, 1566, 574, 522, 570, 498, 570, 526, 570, 498, 570, 498, 598, 498, 570, 1594, 570, 1566, 574, 522, 570, 1570, 570, 522, 574, 498, 570, 498, 598, 1566, 570, 526, 570, 498, 570, 1594, 570, 498, 570, 1594, 574, 1566, 562, 1602, 570, 1000


22 - 

4402, 4358, 570, 1566, 570, 526, 570, 1570, 570, 1590, 574, 498, 570, 526, 570, 1566, 570, 526, 570, 498, 570, 1594, 570, 498, 570, 526, 570, 1570, 570, 1590, 574, 498, 570, 1594, 570, 498, 570, 526, 570, 498, 570, 1594, 570, 1594, 570, 1566, 574, 1590, 574, 1566, 570, 1594, 570, 1566, 574, 1590, 574, 522, 570, 498, 574, 498, 570, 522, 574, 498, 570, 522, 574, 1566, 570, 1594, 570, 1594, 570, 1566, 574, 522, 570, 498, 574, 498, 570, 1590, 574, 498, 598, 498, 570, 498, 570, 526, 570, 1566, 570, 1594, 570, 1594, 570, 5166, 4378, 4354, 574, 1566, 570, 526, 570, 1594, 570, 1566, 574, 522, 570, 498, 574, 1590, 574, 494, 574, 498, 598, 1566, 570, 526, 570, 498, 570, 1594, 570, 1566, 574, 522, 570, 1566, 574, 522, 574, 494, 574, 522, 574, 1566, 570, 1590, 574, 1566, 570, 1594, 570, 1570, 598, 1562, 574, 1590, 574, 1566, 570, 526, 570, 498, 570, 526, 570, 498, 570, 498, 598, 498, 570, 1594, 570, 1566, 574, 1590, 574, 1566, 570, 526, 570, 498, 570, 526, 570, 1566, 550, 546, 570, 498, 570, 526, 566, 502, 574, 1590, 546, 1590, 550, 1618, 570, 1000


23 - 

4402, 4358, 570, 1570, 570, 522, 570, 1570, 570, 1594, 570, 498, 570, 526, 570, 1566, 570, 526, 570, 498, 570, 1594, 570, 502, 570, 522, 570, 1570, 570, 1594, 570, 498, 570, 1594, 570, 498, 570, 526, 570, 498, 570, 1594, 570, 1594, 570, 1570, 570, 1594, 570, 1566, 570, 1594, 570, 1570, 570, 1594, 570, 522, 574, 498, 570, 498, 570, 526, 570, 498, 570, 526, 570, 1566, 570, 526, 570, 1566, 574, 1590, 574, 494, 574, 522, 574, 498, 570, 1590, 574, 498, 570, 1594, 570, 498, 570, 526, 570, 1566, 574, 1590, 574, 1590, 574, 5162, 4378, 4354, 574, 1566, 574, 522, 570, 1594, 570, 1566, 574, 522, 574, 494, 574, 1590, 574, 498, 570, 498, 598, 1566, 570, 526, 570, 498, 570, 1594, 570, 1566, 574, 522, 574, 1566, 570, 522, 574, 498, 570, 522, 574, 1566, 570, 1594, 570, 1566, 574, 1590, 574, 1566, 598, 1566, 570, 1594, 570, 1566, 574, 522, 570, 498, 574, 522, 570, 498, 574, 494, 598, 498, 574, 1590, 574, 494, 574, 1590, 574, 1566, 570, 526, 570, 498, 570, 498, 598, 1566, 574, 522, 570, 1566, 574, 522, 574, 494, 574, 1590, 574, 1566, 570, 1594, 570, 1000


24 - 

4562, 4198, 570, 1566, 546, 550, 570, 1566, 570, 1594, 546, 526, 570, 522, 570, 1570, 570, 526, 570, 498, 570, 1594, 570, 498, 570, 526, 570, 1566, 574, 1590, 570, 502, 570, 1590, 574, 498, 570, 526, 570, 498, 570, 1594, 570, 1594, 570, 1566, 574, 1590, 570, 1570, 570, 1594, 570, 1566, 570, 1594, 570, 526, 570, 498, 570, 502, 570, 522, 574, 498, 570, 522, 574, 1566, 570, 522, 574, 498, 570, 1594, 570, 498, 570, 526, 570, 498, 570, 1594, 570, 498, 574, 1590, 570, 1570, 570, 522, 574, 1566, 570, 1594, 570, 1594, 570, 5166, 4378, 4354, 574, 1566, 570, 526, 570, 1590, 574, 1566, 570, 526, 570, 498, 570, 1594, 574, 494, 574, 498, 598, 1566, 570, 522, 574, 498, 570, 1594, 570, 1566, 570, 526, 570, 1566, 574, 522, 570, 498, 574, 522, 570, 1566, 574, 1590, 574, 1566, 570, 1594, 570, 1566, 598, 1566, 574, 1590, 574, 1566, 570, 526, 570, 498, 570, 526, 570, 498, 570, 498, 598, 498, 570, 1594, 570, 498, 574, 494, 574, 1590, 574, 498, 570, 522, 574, 498, 570, 1590, 574, 498, 570, 1594, 570, 1594, 570, 498, 574, 1590, 570, 1566, 574, 1590, 574, 1000


25 - 

4378, 4382, 546, 1594, 542, 554, 542, 1594, 542, 1622, 542, 530, 542, 550, 542, 1598, 542, 550, 546, 526, 542, 1622, 542, 526, 542, 554, 542, 1594, 542, 1622, 542, 526, 546, 1618, 546, 526, 542, 550, 546, 526, 542, 1622, 542, 1618, 546, 1594, 542, 1622, 542, 1594, 546, 1618, 546, 1594, 542, 1622, 542, 554, 542, 526, 542, 526, 546, 550, 542, 526, 546, 1618, 546, 1590, 574, 526, 542, 526, 542, 1618, 546, 526, 542, 554, 566, 502, 566, 530, 542, 526, 570, 1594, 546, 1590, 546, 550, 546, 1594, 566, 1598, 542, 1618, 546, 5190, 4542, 4194, 546, 1590, 546, 550, 570, 1594, 546, 1594, 570, 526, 542, 526, 542, 1622, 570, 498, 570, 498, 598, 1566, 546, 550, 570, 498, 570, 1594, 546, 1594, 566, 526, 570, 1570, 570, 526, 570, 498, 570, 526, 570, 1566, 570, 1594, 570, 1570, 570, 1594, 566, 1570, 594, 1570, 570, 1594, 546, 1590, 570, 526, 570, 502, 566, 526, 570, 502, 570, 498, 594, 1570, 570, 1594, 570, 498, 570, 526, 570, 1566, 570, 526, 570, 498, 570, 502, 594, 498, 570, 502, 570, 1590, 574, 1590, 574, 498, 570, 1594, 570, 1566, 570, 1594, 570, 1000


26 - 

4326, 4434, 494, 1642, 498, 598, 494, 1646, 494, 1670, 494, 574, 494, 602, 494, 1642, 494, 602, 494, 574, 494, 1670, 494, 578, 494, 598, 494, 1646, 494, 1670, 494, 574, 494, 1670, 494, 574, 494, 602, 494, 574, 494, 1670, 494, 1670, 494, 1646, 494, 1670, 494, 1642, 494, 1670, 494, 1646, 494, 1670, 494, 598, 494, 578, 494, 574, 494, 602, 494, 574, 494, 1670, 494, 1642, 522, 574, 494, 1670, 494, 1642, 498, 602, 490, 578, 494, 574, 494, 602, 494, 574, 494, 1670, 494, 574, 494, 602, 494, 1642, 494, 1670, 494, 1670, 494, 5242, 4302, 4434, 494, 1642, 494, 602, 494, 1670, 494, 1642, 498, 598, 494, 574, 498, 1666, 498, 574, 494, 574, 522, 1642, 494, 602, 494, 574, 494, 1670, 494, 1642, 494, 602, 494, 1646, 494, 598, 498, 574, 494, 598, 494, 1646, 494, 1670, 494, 1642, 494, 1670, 494, 1646, 518, 1646, 494, 1670, 494, 1642, 494, 602, 494, 574, 494, 602, 494, 574, 494, 578, 518, 1642, 498, 1666, 498, 574, 494, 1670, 494, 1642, 494, 602, 494, 574, 494, 602, 494, 574, 494, 602, 494, 1642, 498, 598, 494, 574, 498, 1666, 498, 1642, 494, 1670, 494, 1000



27 - 

4402, 4358, 570, 1566, 570, 526, 570, 1566, 570, 1594, 570, 502, 570, 522, 570, 1570, 570, 526, 570, 498, 570, 1594, 570, 498, 570, 526, 570, 1566, 570, 1594, 570, 502, 570, 1594, 570, 498, 570, 526, 570, 498, 570, 1594, 570, 1594, 570, 1566, 570, 1594, 570, 1570, 570, 1594, 570, 1566, 570, 1594, 570, 526, 570, 498, 570, 498, 574, 522, 570, 502, 570, 1590, 574, 498, 570, 522, 574, 1566, 570, 1594, 570, 498, 570, 526, 570, 498, 570, 526, 570, 1566, 570, 1594, 574, 498, 570, 522, 574, 1566, 570, 1594, 570, 1594, 570, 5166, 4378, 4354, 570, 1570, 570, 526, 570, 1594, 570, 1566, 570, 526, 570, 498, 570, 1594, 570, 498, 570, 502, 594, 1570, 570, 522, 570, 502, 570, 1590, 574, 1566, 570, 526, 570, 1566, 570, 526, 570, 498, 570, 526, 570, 1566, 574, 1590, 574, 1566, 570, 1594, 570, 1566, 598, 1566, 574, 1590, 574, 1566, 570, 526, 570, 498, 570, 526, 570, 498, 570, 498, 598, 1566, 570, 526, 570, 498, 570, 1594, 570, 1570, 570, 522, 574, 498, 570, 498, 598, 498, 570, 1594, 570, 1566, 570, 526, 570, 498, 570, 1594, 570, 1570, 570, 1594, 570, 1000


28 - 

4402, 4358, 570, 1570, 570, 526, 566, 1570, 570, 1594, 570, 498, 570, 526, 570, 1566, 570, 526, 570, 498, 570, 1594, 570, 502, 570, 522, 570, 1570, 570, 1594, 570, 498, 570, 1594, 570, 498, 570, 526, 570, 498, 570, 1594, 574, 1590, 570, 1570, 570, 1594, 570, 1566, 570, 1594, 570, 1570, 570, 1594, 570, 522, 574, 498, 570, 498, 570, 526, 570, 498, 570, 1594, 570, 498, 570, 526, 570, 498, 570, 1594, 570, 498, 574, 522, 570, 498, 574, 522, 570, 1570, 570, 1590, 574, 1566, 570, 526, 570, 1566, 570, 1594, 574, 1590, 574, 5162, 4378, 4358, 570, 1566, 574, 522, 570, 1594, 570, 1570, 570, 522, 574, 498, 570, 1590, 574, 498, 570, 498, 598, 1566, 570, 526, 570, 498, 570, 1594, 570, 1566, 574, 522, 574, 1566, 570, 526, 570, 498, 570, 522, 574, 1566, 570, 1594, 570, 1570, 570, 1590, 574, 1566, 598, 1566, 570, 1594, 570, 1566, 574, 522, 570, 498, 574, 522, 574, 494, 574, 498, 598, 1562, 574, 522, 574, 498, 570, 498, 570, 1594, 570, 498, 570, 526, 570, 498, 570, 526, 570, 1566, 574, 1590, 574, 1590, 574, 494, 574, 1594, 570, 1566, 570, 1594, 570, 1000



29 - 

4410, 4350, 578, 1562, 578, 518, 602, 1534, 602, 1562, 578, 490, 602, 494, 550, 1586, 578, 518, 578, 494, 602, 1558, 578, 494, 602, 494, 550, 1586, 550, 1614, 574, 494, 602, 1562, 578, 494, 598, 494, 550, 518, 578, 1586, 554, 1610, 554, 1586, 602, 1562, 578, 1558, 578, 1586, 554, 1586, 574, 1590, 602, 494, 550, 518, 574, 494, 602, 494, 550, 518, 578, 1586, 578, 490, 554, 1610, 578, 494, 598, 1566, 574, 494, 550, 546, 574, 494, 602, 494, 574, 1562, 550, 546, 574, 1562, 578, 518, 578, 1562, 574, 1586, 578, 1590, 550, 5182, 4386, 4350, 574, 1562, 578, 518, 578, 1586, 574, 1566, 574, 522, 574, 494, 574, 1590, 574, 494, 578, 490, 578, 1586, 578, 518, 550, 518, 578, 1586, 550, 1590, 550, 546, 574, 1562, 574, 522, 550, 518, 578, 518, 574, 1562, 578, 1586, 550, 1590, 574, 1590, 574, 1562, 602, 1562, 574, 1590, 578, 1562, 550, 546, 546, 522, 574, 522, 574, 494, 574, 494, 602, 1562, 550, 546, 574, 1562, 574, 522, 574, 1562, 574, 522, 578, 490, 578, 494, 574, 518, 578, 1586, 550, 522, 550, 1614, 546, 522, 574, 1590, 574, 1562, 566, 1598, 574, 1000



30 - 

4586, 4174, 570, 1566, 570, 526, 570, 1566, 546, 1618, 570, 502, 570, 526, 570, 1566, 570, 526, 570, 498, 570, 1594, 570, 498, 570, 526, 570, 1566, 574, 1594, 566, 502, 570, 1594, 570, 498, 570, 526, 570, 498, 570, 1594, 570, 1594, 570, 1566, 570, 1594, 570, 1570, 570, 1594, 570, 1566, 574, 1590, 570, 526, 570, 498, 574, 498, 570, 522, 574, 498, 570, 1594, 570, 498, 570, 1594, 570, 1594, 570, 1566, 574, 522, 570, 498, 574, 498, 570, 522, 574, 1566, 598, 498, 570, 498, 570, 526, 570, 1566, 570, 1594, 570, 1594, 570, 5166, 4530, 4206, 570, 1566, 570, 526, 570, 1594, 570, 1566, 570, 526, 570, 498, 574, 1590, 574, 494, 574, 498, 598, 1566, 570, 526, 570, 498, 570, 1594, 570, 1566, 570, 526, 570, 1566, 574, 522, 574, 494, 574, 522, 574, 1566, 570, 1594, 570, 1566, 574, 1590, 574, 1566, 594, 1566, 574, 1594, 570, 1566, 570, 526, 570, 498, 570, 526, 570, 498, 574, 498, 594, 1566, 574, 522, 574, 1566, 570, 1590, 574, 1566, 570, 526, 570, 498, 570, 526, 570, 498, 570, 1594, 570, 498, 574, 522, 570, 498, 574, 1590, 574, 1566, 570, 1594, 570, 1000




=============================================================================================================
const PROGMEM uint16_t rawData_off[RAW_DATA_LEN]={4386, 4378, 550, 1586, 550, 546, 550, 1586, 550, 1614, 550, 522, 550, 542, 550, 1590, 550, 546, 546, 522, 550, 1614, 546, 522, 550, 546, 550, 1586, 550, 1614, 550, 518, 550, 1614, 550, 522, 546, 1618, 546, 1590, 550, 1614, 550, 1614, 550, 518, 550, 1614, 550, 1590, 546, 1618, 546, 522, 546, 550, 546, 522, 550, 546, 546, 1590, 550, 546, 538, 530, 550, 1614, 550, 1586, 550, 1614, 526, 546, 546, 550, 546, 522, 546, 546, 550, 522, 522, 570, 526, 546, 546, 522, 550, 1614, 522, 1642, 522, 1614, 526, 1638, 522, 1618, 522, 5210, 4382, 4382, 522, 1614, 522, 574, 522, 1614, 522, 1642, 522, 546, 526, 570, 522, 1618, 522, 570, 526, 546, 522, 1642, 522, 546, 522, 574, 522, 1614, 522, 1642, 522, 546, 522, 1642, 522, 550, 546, 1614, 526, 1638, 526, 1614, 522, 1642, 522, 546, 522, 1642, 522, 1614, 526, 1642, 522, 570, 522, 550, 522, 546, 522, 574, 522, 1614, 522, 574, 522, 546, 522, 1642, 522, 1642, 522, 1614, 522, 574, 522, 550, 518, 550, 522, 570, 522, 550, 522, 570, 522, 550, 522, 570, 522, 1618, 522, 1642, 522, 1614, 522, 1642, 522, 1642, 522, 1000};

const PROGMEM uint16_t rawData_on[RAW_DATA_LEN]={4382, 4374, 554, 1586, 550, 546, 550, 1586, 550, 1614, 550, 522, 550, 542, 550, 1590, 550, 546, 546, 522, 550, 1614, 550, 518, 550, 546, 550, 1586, 550, 1614, 550, 518, 550, 1614, 550, 522, 546, 546, 550, 522, 546, 1618, 546, 1590, 546, 1618, 550, 1614, 550, 1586, 550, 1614, 550, 1590, 546, 1618, 546, 522, 550, 546, 546, 522, 550, 546, 550, 518, 550, 546, 546, 1590, 550, 546, 550, 1586, 550, 1614, 526, 546, 546, 546, 526, 546, 546, 1618, 546, 522, 522, 1642, 522, 546, 522, 574, 522, 1614, 526, 1638, 522, 1618, 522, 5214, 4378, 4378, 526, 1614, 522, 574, 522, 1614, 522, 1642, 526, 546, 522, 570, 526, 1614, 522, 570, 526, 546, 522, 1642, 522, 546, 522, 574, 522, 1614, 522, 1642, 522, 546, 522, 1642, 522, 550, 546, 546, 522, 550, 522, 1638, 522, 1642, 522, 1618, 522, 1642, 522, 1614, 522, 1642, 522, 1642, 522, 1618, 522, 570, 526, 546, 522, 546, 522, 574, 522, 546, 522, 574, 522, 1614, 522, 574, 522, 1614, 522, 1642, 522, 550, 518, 574, 522, 550, 522, 1638, 522, 550, 522, 1642, 522, 546, 522, 574, 522, 1614, 522, 1642, 522, 1642, 522, 1000};

const PROGMEM uint16_t rawData_17[RAW_DATA_LEN]={4438, 4326, 578, 1558, 574, 522, 578, 1558, 554, 1610, 554, 518, 574, 518, 602, 1538, 574, 522, 598, 470, 550, 1614, 550, 518, 574, 522, 574, 1562, 574, 1590, 546, 522, 574, 1594, 566, 502, 570, 522, 550, 522, 546, 1618, 542, 1622, 570, 1566, 574, 1590, 574, 1566, 542, 1622, 574, 1562, 574, 1590, 574, 522, 574, 494, 574, 494, 578, 518, 574, 494, 550, 546, 550, 518, 578, 518, 574, 494, 550, 1614, 578, 494, 546, 546, 578, 494, 546, 1614, 578, 1562, 574, 1590, 574, 1562, 578, 518, 578, 1562, 546, 1618, 570, 1590, 578, 5162, 4378, 4354, 574, 1562, 578, 518, 550, 1614, 574, 1566, 550, 542, 578, 494, 574, 1590, 570, 498, 574, 494, 574, 1590, 574, 522, 550, 518, 550, 1614, 550, 1586, 574, 522, 578, 1562, 574, 522, 546, 522, 574, 518, 574, 1566, 546, 1618, 546, 1590, 574, 1590, 550, 1590, 574, 1590, 574, 1590, 570, 1566, 570, 526, 546, 522, 546, 550, 546, 526, 542, 522, 598, 498, 546, 526, 570, 522, 574, 498, 542, 1618, 546, 526, 542, 554, 542, 526, 542, 1622, 542, 1594, 546, 1618, 518, 1646, 546, 522, 546, 1618, 546, 1594, 566, 1598, 542, 1000};

const PROGMEM uint16_t rawData_18[RAW_DATA_LEN]={4410, 4350, 602, 1534, 602, 494, 602, 1534, 606, 1562, 602, 466, 574, 518, 578, 1562, 578, 518, 574, 494, 578, 1586, 602, 466, 578, 518, 578, 1558, 578, 1586, 578, 494, 574, 1590, 574, 494, 574, 522, 578, 490, 578, 1586, 602, 1562, 578, 1558, 578, 1586, 578, 1562, 574, 1590, 578, 1558, 578, 1586, 578, 518, 578, 490, 602, 470, 574, 518, 578, 494, 574, 518, 574, 494, 578, 518, 578, 1562, 574, 1590, 574, 494, 574, 522, 574, 494, 578, 1586, 578, 1558, 578, 1586, 578, 494, 574, 518, 554, 1586, 550, 1614, 578, 1586, 574, 5162, 4410, 4322, 578, 1562, 550, 542, 578, 1590, 574, 1562, 578, 518, 550, 518, 578, 1586, 550, 518, 578, 494, 574, 1586, 554, 542, 550, 518, 578, 1586, 578, 1562, 574, 522, 574, 1562, 578, 518, 574, 494, 550, 546, 574, 1562, 574, 1590, 550, 1590, 550, 1614, 574, 1562, 578, 1586, 550, 1614, 578, 1562, 574, 522, 574, 494, 550, 542, 554, 518, 574, 494, 602, 494, 550, 518, 574, 522, 550, 1586, 578, 1586, 578, 494, 550, 542, 550, 518, 578, 1586, 554, 1610, 550, 1590, 550, 546, 550, 518, 574, 1590, 550, 1586, 550, 1614, 550, 1000};

const PROGMEM uint16_t rawData_19[RAW_DATA_LEN]={4410, 4350, 554, 1586, 550, 546, 566, 1570, 550, 1614, 550, 518, 554, 542, 578, 1562, 550, 546, 546, 522, 550, 1614, 550, 518, 550, 546, 550, 1586, 550, 1614, 550, 518, 550, 1614, 550, 522, 550, 542, 550, 522, 550, 1614, 546, 1618, 546, 1590, 550, 1614, 550, 1586, 550, 1614, 578, 1562, 550, 1614, 550, 546, 550, 518, 566, 502, 550, 546, 550, 518, 550, 546, 550, 518, 550, 1614, 550, 1590, 550, 1614, 550, 518, 550, 546, 550, 518, 550, 1614, 574, 1562, 578, 518, 550, 522, 546, 546, 550, 1590, 546, 1618, 546, 1614, 550, 5190, 4354, 4378, 550, 1590, 546, 546, 550, 1614, 574, 1566, 550, 546, 546, 522, 550, 1614, 550, 518, 550, 518, 578, 1586, 550, 546, 578, 490, 550, 1614, 550, 1590, 550, 546, 546, 1590, 550, 546, 550, 518, 550, 546, 550, 1586, 550, 1614, 550, 1590, 546, 1618, 550, 1586, 574, 1590, 550, 1614, 550, 1590, 546, 546, 550, 522, 546, 546, 550, 522, 546, 522, 574, 522, 546, 522, 550, 1614, 546, 1618, 546, 1590, 550, 546, 550, 518, 550, 522, 574, 1590, 546, 1614, 550, 522, 546, 550, 546, 522, 546, 1618, 546, 1590, 550, 1614, 550, 1000};

const PROGMEM uint16_t rawData_20[RAW_DATA_LEN]={4358, 4402, 494, 1646, 518, 574, 522, 1618, 494, 1670, 494, 574, 498, 598, 494, 1642, 494, 602, 494, 574, 494, 1670, 494, 578, 494, 598, 494, 1646, 494, 1670, 494, 574, 494, 1670, 494, 574, 494, 602, 494, 574, 494, 1670, 494, 1670, 494, 1646, 494, 1670, 494, 1642, 494, 1670, 494, 1646, 494, 1670, 494, 598, 498, 574, 494, 574, 494, 602, 494, 574, 494, 602, 494, 574, 494, 1670, 494, 574, 494, 1670, 494, 574, 494, 602, 494, 574, 498, 1666, 494, 1646, 494, 602, 494, 1642, 494, 602, 494, 1642, 494, 1670, 494, 1670, 494, 5242, 4302, 4434, 494, 1642, 494, 602, 494, 1670, 494, 1642, 498, 598, 494, 578, 494, 1666, 498, 574, 494, 574, 522, 1642, 494, 602, 494, 574, 494, 1670, 494, 1642, 498, 598, 494, 1646, 494, 598, 498, 574, 494, 602, 494, 1642, 494, 1670, 494, 1642, 498, 1666, 498, 1642, 518, 1646, 494, 1670, 494, 1642, 494, 602, 494, 574, 494, 602, 494, 578, 490, 578, 518, 574, 494, 578, 494, 1670, 494, 574, 494, 1670, 494, 574, 494, 602, 494, 574, 494, 1670, 494, 1670, 494, 574, 494, 1670, 494, 578, 494, 1666, 498, 1642, 494, 1670, 494, 1000};

const PROGMEM uint16_t rawData_21[RAW_DATA_LEN]={4402, 4358, 570, 1566, 546, 550, 570, 1566, 570, 1594, 570, 502, 570, 526, 570, 1566, 570, 526, 570, 498, 570, 1594, 570, 498, 570, 526, 570, 1570, 570, 1590, 574, 498, 570, 1594, 570, 498, 570, 526, 570, 498, 570, 1594, 570, 1594, 570, 1566, 574, 1590, 574, 1566, 570, 1594, 570, 1566, 574, 1590, 574, 522, 570, 498, 574, 498, 570, 522, 574, 498, 570, 522, 574, 1566, 570, 1594, 570, 498, 570, 1594, 574, 494, 574, 522, 570, 498, 574, 1590, 574, 498, 570, 522, 574, 1566, 570, 526, 570, 1566, 574, 1590, 570, 1594, 570, 5166, 4378, 4354, 574, 1566, 574, 522, 570, 1594, 570, 1566, 574, 522, 570, 498, 574, 1590, 574, 498, 570, 498, 598, 1566, 570, 522, 574, 498, 570, 1594, 570, 1566, 574, 522, 570, 1566, 574, 522, 574, 494, 574, 522, 574, 1562, 574, 1594, 570, 1566, 574, 1590, 574, 1566, 598, 1562, 574, 1590, 574, 1566, 574, 522, 570, 498, 570, 526, 570, 498, 570, 498, 598, 498, 570, 1594, 570, 1566, 574, 522, 570, 1570, 570, 522, 574, 498, 570, 498, 598, 1566, 570, 526, 570, 498, 570, 1594, 570, 498, 570, 1594, 574, 1566, 562, 1602, 570, 1000};

const PROGMEM uint16_t rawData_22[RAW_DATA_LEN]={4402, 4358, 570, 1566, 570, 526, 570, 1570, 570, 1590, 574, 498, 570, 526, 570, 1566, 570, 526, 570, 498, 570, 1594, 570, 498, 570, 526, 570, 1570, 570, 1590, 574, 498, 570, 1594, 570, 498, 570, 526, 570, 498, 570, 1594, 570, 1594, 570, 1566, 574, 1590, 574, 1566, 570, 1594, 570, 1566, 574, 1590, 574, 522, 570, 498, 574, 498, 570, 522, 574, 498, 570, 522, 574, 1566, 570, 1594, 570, 1594, 570, 1566, 574, 522, 570, 498, 574, 498, 570, 1590, 574, 498, 598, 498, 570, 498, 570, 526, 570, 1566, 570, 1594, 570, 1594, 570, 5166, 4378, 4354, 574, 1566, 570, 526, 570, 1594, 570, 1566, 574, 522, 570, 498, 574, 1590, 574, 494, 574, 498, 598, 1566, 570, 526, 570, 498, 570, 1594, 570, 1566, 574, 522, 570, 1566, 574, 522, 574, 494, 574, 522, 574, 1566, 570, 1590, 574, 1566, 570, 1594, 570, 1570, 598, 1562, 574, 1590, 574, 1566, 570, 526, 570, 498, 570, 526, 570, 498, 570, 498, 598, 498, 570, 1594, 570, 1566, 574, 1590, 574, 1566, 570, 526, 570, 498, 570, 526, 570, 1566, 550, 546, 570, 498, 570, 526, 566, 502, 574, 1590, 546, 1590, 550, 1618, 570, 1000};

const PROGMEM uint16_t rawData_23[RAW_DATA_LEN]={4402, 4358, 570, 1570, 570, 522, 570, 1570, 570, 1594, 570, 498, 570, 526, 570, 1566, 570, 526, 570, 498, 570, 1594, 570, 502, 570, 522, 570, 1570, 570, 1594, 570, 498, 570, 1594, 570, 498, 570, 526, 570, 498, 570, 1594, 570, 1594, 570, 1570, 570, 1594, 570, 1566, 570, 1594, 570, 1570, 570, 1594, 570, 522, 574, 498, 570, 498, 570, 526, 570, 498, 570, 526, 570, 1566, 570, 526, 570, 1566, 574, 1590, 574, 494, 574, 522, 574, 498, 570, 1590, 574, 498, 570, 1594, 570, 498, 570, 526, 570, 1566, 574, 1590, 574, 1590, 574, 5162, 4378, 4354, 574, 1566, 574, 522, 570, 1594, 570, 1566, 574, 522, 574, 494, 574, 1590, 574, 498, 570, 498, 598, 1566, 570, 526, 570, 498, 570, 1594, 570, 1566, 574, 522, 574, 1566, 570, 522, 574, 498, 570, 522, 574, 1566, 570, 1594, 570, 1566, 574, 1590, 574, 1566, 598, 1566, 570, 1594, 570, 1566, 574, 522, 570, 498, 574, 522, 570, 498, 574, 494, 598, 498, 574, 1590, 574, 494, 574, 1590, 574, 1566, 570, 526, 570, 498, 570, 498, 598, 1566, 574, 522, 570, 1566, 574, 522, 574, 494, 574, 1590, 574, 1566, 570, 1594, 570, 1000};

const PROGMEM uint16_t rawData_24[RAW_DATA_LEN]={4562, 4198, 570, 1566, 546, 550, 570, 1566, 570, 1594, 546, 526, 570, 522, 570, 1570, 570, 526, 570, 498, 570, 1594, 570, 498, 570, 526, 570, 1566, 574, 1590, 570, 502, 570, 1590, 574, 498, 570, 526, 570, 498, 570, 1594, 570, 1594, 570, 1566, 574, 1590, 570, 1570, 570, 1594, 570, 1566, 570, 1594, 570, 526, 570, 498, 570, 502, 570, 522, 574, 498, 570, 522, 574, 1566, 570, 522, 574, 498, 570, 1594, 570, 498, 570, 526, 570, 498, 570, 1594, 570, 498, 574, 1590, 570, 1570, 570, 522, 574, 1566, 570, 1594, 570, 1594, 570, 5166, 4378, 4354, 574, 1566, 570, 526, 570, 1590, 574, 1566, 570, 526, 570, 498, 570, 1594, 574, 494, 574, 498, 598, 1566, 570, 522, 574, 498, 570, 1594, 570, 1566, 570, 526, 570, 1566, 574, 522, 570, 498, 574, 522, 570, 1566, 574, 1590, 574, 1566, 570, 1594, 570, 1566, 598, 1566, 574, 1590, 574, 1566, 570, 526, 570, 498, 570, 526, 570, 498, 570, 498, 598, 498, 570, 1594, 570, 498, 574, 494, 574, 1590, 574, 498, 570, 522, 574, 498, 570, 1590, 574, 498, 570, 1594, 570, 1594, 570, 498, 574, 1590, 570, 1566, 574, 1590, 574, 1000};

const PROGMEM uint16_t rawData_25[RAW_DATA_LEN]={4378, 4382, 546, 1594, 542, 554, 542, 1594, 542, 1622, 542, 530, 542, 550, 542, 1598, 542, 550, 546, 526, 542, 1622, 542, 526, 542, 554, 542, 1594, 542, 1622, 542, 526, 546, 1618, 546, 526, 542, 550, 546, 526, 542, 1622, 542, 1618, 546, 1594, 542, 1622, 542, 1594, 546, 1618, 546, 1594, 542, 1622, 542, 554, 542, 526, 542, 526, 546, 550, 542, 526, 546, 1618, 546, 1590, 574, 526, 542, 526, 542, 1618, 546, 526, 542, 554, 566, 502, 566, 530, 542, 526, 570, 1594, 546, 1590, 546, 550, 546, 1594, 566, 1598, 542, 1618, 546, 5190, 4542, 4194, 546, 1590, 546, 550, 570, 1594, 546, 1594, 570, 526, 542, 526, 542, 1622, 570, 498, 570, 498, 598, 1566, 546, 550, 570, 498, 570, 1594, 546, 1594, 566, 526, 570, 1570, 570, 526, 570, 498, 570, 526, 570, 1566, 570, 1594, 570, 1570, 570, 1594, 566, 1570, 594, 1570, 570, 1594, 546, 1590, 570, 526, 570, 502, 566, 526, 570, 502, 570, 498, 594, 1570, 570, 1594, 570, 498, 570, 526, 570, 1566, 570, 526, 570, 498, 570, 502, 594, 498, 570, 502, 570, 1590, 574, 1590, 574, 498, 570, 1594, 570, 1566, 570, 1594, 570, 1000};

const PROGMEM uint16_t rawData_26[RAW_DATA_LEN]={4326, 4434, 494, 1642, 498, 598, 494, 1646, 494, 1670, 494, 574, 494, 602, 494, 1642, 494, 602, 494, 574, 494, 1670, 494, 578, 494, 598, 494, 1646, 494, 1670, 494, 574, 494, 1670, 494, 574, 494, 602, 494, 574, 494, 1670, 494, 1670, 494, 1646, 494, 1670, 494, 1642, 494, 1670, 494, 1646, 494, 1670, 494, 598, 494, 578, 494, 574, 494, 602, 494, 574, 494, 1670, 494, 1642, 522, 574, 494, 1670, 494, 1642, 498, 602, 490, 578, 494, 574, 494, 602, 494, 574, 494, 1670, 494, 574, 494, 602, 494, 1642, 494, 1670, 494, 1670, 494, 5242, 4302, 4434, 494, 1642, 494, 602, 494, 1670, 494, 1642, 498, 598, 494, 574, 498, 1666, 498, 574, 494, 574, 522, 1642, 494, 602, 494, 574, 494, 1670, 494, 1642, 494, 602, 494, 1646, 494, 598, 498, 574, 494, 598, 494, 1646, 494, 1670, 494, 1642, 494, 1670, 494, 1646, 518, 1646, 494, 1670, 494, 1642, 494, 602, 494, 574, 494, 602, 494, 574, 494, 578, 518, 1642, 498, 1666, 498, 574, 494, 1670, 494, 1642, 494, 602, 494, 574, 494, 602, 494, 574, 494, 602, 494, 1642, 498, 598, 494, 574, 498, 1666, 498, 1642, 494, 1670, 494, 1000};

const PROGMEM uint16_t rawData_27[RAW_DATA_LEN]={4402, 4358, 570, 1566, 570, 526, 570, 1566, 570, 1594, 570, 502, 570, 522, 570, 1570, 570, 526, 570, 498, 570, 1594, 570, 498, 570, 526, 570, 1566, 570, 1594, 570, 502, 570, 1594, 570, 498, 570, 526, 570, 498, 570, 1594, 570, 1594, 570, 1566, 570, 1594, 570, 1570, 570, 1594, 570, 1566, 570, 1594, 570, 526, 570, 498, 570, 498, 574, 522, 570, 502, 570, 1590, 574, 498, 570, 522, 574, 1566, 570, 1594, 570, 498, 570, 526, 570, 498, 570, 526, 570, 1566, 570, 1594, 574, 498, 570, 522, 574, 1566, 570, 1594, 570, 1594, 570, 5166, 4378, 4354, 570, 1570, 570, 526, 570, 1594, 570, 1566, 570, 526, 570, 498, 570, 1594, 570, 498, 570, 502, 594, 1570, 570, 522, 570, 502, 570, 1590, 574, 1566, 570, 526, 570, 1566, 570, 526, 570, 498, 570, 526, 570, 1566, 574, 1590, 574, 1566, 570, 1594, 570, 1566, 598, 1566, 574, 1590, 574, 1566, 570, 526, 570, 498, 570, 526, 570, 498, 570, 498, 598, 1566, 570, 526, 570, 498, 570, 1594, 570, 1570, 570, 522, 574, 498, 570, 498, 598, 498, 570, 1594, 570, 1566, 570, 526, 570, 498, 570, 1594, 570, 1570, 570, 1594, 570, 1000};

const PROGMEM uint16_t rawData_28[RAW_DATA_LEN]={4402, 4358, 570, 1570, 570, 526, 566, 1570, 570, 1594, 570, 498, 570, 526, 570, 1566, 570, 526, 570, 498, 570, 1594, 570, 502, 570, 522, 570, 1570, 570, 1594, 570, 498, 570, 1594, 570, 498, 570, 526, 570, 498, 570, 1594, 574, 1590, 570, 1570, 570, 1594, 570, 1566, 570, 1594, 570, 1570, 570, 1594, 570, 522, 574, 498, 570, 498, 570, 526, 570, 498, 570, 1594, 570, 498, 570, 526, 570, 498, 570, 1594, 570, 498, 574, 522, 570, 498, 574, 522, 570, 1570, 570, 1590, 574, 1566, 570, 526, 570, 1566, 570, 1594, 574, 1590, 574, 5162, 4378, 4358, 570, 1566, 574, 522, 570, 1594, 570, 1570, 570, 522, 574, 498, 570, 1590, 574, 498, 570, 498, 598, 1566, 570, 526, 570, 498, 570, 1594, 570, 1566, 574, 522, 574, 1566, 570, 526, 570, 498, 570, 522, 574, 1566, 570, 1594, 570, 1570, 570, 1590, 574, 1566, 598, 1566, 570, 1594, 570, 1566, 574, 522, 570, 498, 574, 522, 574, 494, 574, 498, 598, 1562, 574, 522, 574, 498, 570, 498, 570, 1594, 570, 498, 570, 526, 570, 498, 570, 526, 570, 1566, 574, 1590, 574, 1590, 574, 494, 574, 1594, 570, 1566, 570, 1594, 570, 1000};

const PROGMEM uint16_t rawData_29[RAW_DATA_LEN]={4410, 4350, 578, 1562, 578, 518, 602, 1534, 602, 1562, 578, 490, 602, 494, 550, 1586, 578, 518, 578, 494, 602, 1558, 578, 494, 602, 494, 550, 1586, 550, 1614, 574, 494, 602, 1562, 578, 494, 598, 494, 550, 518, 578, 1586, 554, 1610, 554, 1586, 602, 1562, 578, 1558, 578, 1586, 554, 1586, 574, 1590, 602, 494, 550, 518, 574, 494, 602, 494, 550, 518, 578, 1586, 578, 490, 554, 1610, 578, 494, 598, 1566, 574, 494, 550, 546, 574, 494, 602, 494, 574, 1562, 550, 546, 574, 1562, 578, 518, 578, 1562, 574, 1586, 578, 1590, 550, 5182, 4386, 4350, 574, 1562, 578, 518, 578, 1586, 574, 1566, 574, 522, 574, 494, 574, 1590, 574, 494, 578, 490, 578, 1586, 578, 518, 550, 518, 578, 1586, 550, 1590, 550, 546, 574, 1562, 574, 522, 550, 518, 578, 518, 574, 1562, 578, 1586, 550, 1590, 574, 1590, 574, 1562, 602, 1562, 574, 1590, 578, 1562, 550, 546, 546, 522, 574, 522, 574, 494, 574, 494, 602, 1562, 550, 546, 574, 1562, 574, 522, 574, 1562, 574, 522, 578, 490, 578, 494, 574, 518, 578, 1586, 550, 522, 550, 1614, 546, 522, 574, 1590, 574, 1562, 566, 1598, 574, 1000};

const PROGMEM uint16_t rawData_30[RAW_DATA_LEN]={4586, 4174, 570, 1566, 570, 526, 570, 1566, 546, 1618, 570, 502, 570, 526, 570, 1566, 570, 526, 570, 498, 570, 1594, 570, 498, 570, 526, 570, 1566, 574, 1594, 566, 502, 570, 1594, 570, 498, 570, 526, 570, 498, 570, 1594, 570, 1594, 570, 1566, 570, 1594, 570, 1570, 570, 1594, 570, 1566, 574, 1590, 570, 526, 570, 498, 574, 498, 570, 522, 574, 498, 570, 1594, 570, 498, 570, 1594, 570, 1594, 570, 1566, 574, 522, 570, 498, 574, 498, 570, 522, 574, 1566, 598, 498, 570, 498, 570, 526, 570, 1566, 570, 1594, 570, 1594, 570, 5166, 4530, 4206, 570, 1566, 570, 526, 570, 1594, 570, 1566, 570, 526, 570, 498, 574, 1590, 574, 494, 574, 498, 598, 1566, 570, 526, 570, 498, 570, 1594, 570, 1566, 570, 526, 570, 1566, 574, 522, 574, 494, 574, 522, 574, 1566, 570, 1594, 570, 1566, 574, 1590, 574, 1566, 594, 1566, 574, 1594, 570, 1566, 570, 526, 570, 498, 570, 526, 570, 498, 574, 498, 594, 1566, 574, 522, 574, 1566, 570, 1590, 574, 1566, 570, 526, 570, 498, 570, 526, 570, 498, 570, 1594, 570, 498, 574, 522, 570, 498, 574, 1590, 574, 1566, 570, 1594, 570, 1000};








































