4326, 4438, 486, 1650, 490, 606, 490, 1646, 490, 1678, 486, 582, 486, 610, 486, 1650, 486, 610, 486, 582, 490, 1674, 490, 578, 490, 606, 486, 1650, 490, 1674, 490, 582, 486, 1674, 490, 582, 486, 606, 490, 582, 486, 1674, 490, 1650, 486, 1678, 490, 1674, 490, 1646, 490, 1674, 490, 1650, 486, 1678, 486, 582, 490, 606, 486, 582, 486, 610, 486, 582, 490, 1674, 486, 1650, 490, 606, 490, 1650, 486, 1674, 490, 582, 486, 610, 486, 582, 486, 610, 486, 582, 486, 1678, 486, 582, 486, 610, 486, 1650, 490, 1674, 490, 1646, 490, 1000


210, 6010, 270, 1022, 162, 1502, 390, 2566, 214, 3106, 358, 158, 262, 686, 214, 334, 186, 674, 478, 1030, 262, 5494, 246, 214, 238, 162, 250, 558, 618, 234, 1302, 218, 162, 426, 186, 162, 238, 4742, 422, 646, 610, 302, 354, 206, 606, 294, 214, 414, 370, 162, 134, 942, 190, 318, 134, 246, 350, 282, 322, 3446, 350, 278, 498, 290, 426, 1026, 514, 558, 270, 978, 270, 338, 270, 170, 242, 2274, 470, 658, 610, 414, 374, 158, 590, 654, 610, 162, 374, 310, 238, 342, 1954, 270, 182, 1718, 558, 390, 766, 162, 606, 1000


374, 1238, 218, 258, 590, 5914, 4282, 330, 214, 1286, 214, 730, 270, 2242, 1150, 154, 3362, 5638, 4102, 314, 318, 166, 218, 162, 302, 4442, 4258, 5682, 4742, 5238, 3930, 294, 370, 5366, 506, 158, 1090, 286, 1774, 158, 402, 5730, 766, 294, 182, 158, 2690, 6194, 2430, 298, 1146, 6066, 378, 218, 1682, 762, 262, 294, 186, 6238, 266, 746, 750, 166, 190, 262, 1034, 1000




